0   -4.545314383
0.006435213 -4.458189667
0.012870425 -4.385193283
0.019305638 -4.325736551
0.02574085  -4.27864211
0.032176063 -4.24449864
0.038611276 -4.227426906
0.045046488 -4.229781628
0.051481701 -4.262159056
0.057916913 -4.333978079
0.063767107 -4.439613527
0.069149284 -4.585815603
0.072834906 -4.710144928
0.087362886 -5.366327475
0.089215447 -5.480727721
0.093895602 -5.78831329
0.096235679 -5.94858156
0.098575757 -6.12018193
0.100623324 -6.270736972
0.102670892 -6.426148628
0.104718459 -6.585877274
0.106473517 -6.724020968
0.108228575 -6.862164662
0.109983633 -7.002466852
0.112031201 -7.164353993
0.114078769 -7.32839963
0.115833827 -7.47301881
0.117588885 -7.609004009
0.119343943 -7.751464693
0.121099001 -7.891766883
0.122854059 -8.027752081
0.124609117 -8.168054271
0.126364175 -8.30403947
0.128411742 -8.461069997
0.130751819 -8.639145853
0.133091897 -8.813983965
0.136016993 -9.026056121
0.138357071 -9.194418748
0.140697148 -9.353068147
0.149179928 -9.916435399
0.159125257 -10.59636139
0.162635373 -10.79710145
0.165560469 -10.96287388
0.168339311 -11.11440025
0.172141937 -11.32161579
0.174335759 -11.43817453
0.177553366 -11.60653716
0.179893443 -11.72957138
0.183501062 -11.91088498
0.186913675 -12.07924761
0.189546262 -12.20875732
0.205634293 -12.88220783
0.209729429 -13.04733272
0.213532054 -13.19118101
0.217919699 -13.34520506
0.222599854 -13.49333179
0.227865028 -13.63465927
0.234007731 -13.76640597
0.240442943 -13.86236089
0.246878156 -13.91828554
0.253313368 -13.92829311
0.259748581 -13.8923836
0.266183794 -13.81585513
0.272619006 -13.69340958
0.278469199 -13.55278035
0.283441864 -13.40591274
0.287829509 -13.25963614
0.291924644 -13.11069997
0.29572727  -12.96099291
0.299237386 -12.81421523
0.302747501 -12.66204132
0.305965108 -12.51699044
0.308890204 -12.37841505
0.311815301 -12.23465927
0.314740398 -12.09090348
0.317665494 -11.94326241
0.320590591 -11.79044095
0.323515688 -11.63761949
0.326440784 -11.48091274
0.329365881 -11.32161579
0.332290977 -11.15972865
0.335216074 -10.9978415
0.338141171 -10.83206907
0.340773758 -10.68701819
0.343113835 -10.55265187
0.345746422 -10.40080173
0.348671519 -10.2337342
0.351596615 -10.06537157
0.354521712 -9.895713845
0.357446809 -9.728646315
0.360371905 -9.558988591
0.363297002 -9.390625964
0.366222098 -9.220968239
0.369147195 -9.055195806
0.372072292 -8.889423373
0.374704879 -8.741134752
0.377337466 -8.591551033
0.380262562 -8.430958989
0.383187659 -8.266481653
0.386112756 -8.1097749
0.389037852 -7.953068147
0.391962949 -7.796361394
0.394888045 -7.642244835
0.397813142 -7.492013568
0.400738239 -7.344372495
0.403663335 -7.200616713
0.406588432 -7.055565834
0.409513529 -6.916990441
0.412438625 -6.782300339
0.415656232 -6.634443417
0.419166347 -6.477952513
0.422676463 -6.327937095
0.426186579 -6.182238668
0.429696695 -6.041936479
0.433499321 -5.895158804
0.437594456 -5.745297564
0.441982101 -5.590810977
0.446662256 -5.44511255
0.45192743  -5.298766574
0.458070133 -5.164017604
0.464505345 -5.076892888
0.470940558 -5.047458862
0.47737577  -5.082779693
0.483810983 -5.184032742
0.489661176 -5.322438072
0.494633841 -5.4734428
0.499021486 -5.625963614
0.502824111 -5.771045328
0.506334227 -5.912426765
0.509844343 -6.05488745
0.513354459 -6.200585877
0.516864575 -6.345205057
0.520374691 -6.488744989
0.524177317 -6.638914585
0.528272452 -6.797101449
0.532367587 -6.943262411
0.536755232 -7.093123651
0.541435387 -7.238012643
0.546408051 -7.37804502
0.550893199 -7.490286772
0.567663753 -7.862986946
0.573903959 -7.966136854
0.580339172 -8.0644465
0.586774385 -8.153337258
0.593209597 -8.234575169
0.59964481  -8.30403947
0.606080022 -8.362907521
0.612515235 -8.406469879
0.618950447 -8.434726544
0.62538566  -8.448854876
0.631820873 -8.436492585
0.638256085 -8.408235921
0.644691298 -8.355843355
0.65112651  -8.280492249
0.657561723 -8.182182603
0.663996936 -8.065035181
0.670432148 -7.928461301
0.676574851 -7.783410422
0.682132535 -7.637783945
0.687105199 -7.501888683
0.692077863 -7.359338061
0.697050528 -7.2121107
0.701730682 -7.06884058
0.706410837 -6.923951588
0.711090991 -6.777443725
0.715771146 -6.631745298
0.720451301 -6.48604687
0.725131455 -6.341967314
0.72981161  -6.196268887
0.734491764 -6.057855381
0.739171919 -5.918632439
0.744144583 -5.775722068
0.749409757 -5.629663891
0.754674931 -5.487922705
0.759940105 -5.353376503
0.765790298 -5.209346004
0.772225511 -5.059821153
0.778660724 -4.922658593
0.785095936 -4.796680963
0.791531149 -4.682476943
0.7991364   -4.578354077